0.000009
0.000053
0.000103
0.000154
0.000204
0.000254
0.000305
0.000320
0.000347
0.000395
0.000453
0.000491
0.000497
0.000503
0.000509
0.000514
0.000516
0.000517
0.000519
0.000522
0.000526
0.000533
0.000535
0.000538
0.000544
0.000545
0.000548
0.000552
0.000559
0.000565
0.000571
0.000573
0.000577
0.000578
0.000580
0.000583
0.000584
0.000585
0.000588
0.000591
0.000596
0.000604
0.000612
0.000620
0.000627
0.000638
0.000649
0.000660
0.000670
0.000679
0.000687
0.000694
0.000694
0.000684
0.000674
0.000665
0.000655
0.000645
0.000635
0.000626
0.000616
0.000608
0.000601
0.000594
0.000586
0.000579
0.000571
0.000564
0.000557
0.000549
0.000542
0.000535
0.000527
0.000520
0.000513
0.000505
0.000498
0.000491
0.000483
0.000476
0.000469
0.000461
0.000454
0.000447
0.000439
0.000432
0.000422
0.000406
0.000386
0.000362
0.000335
0.000305
0.000273
0.000241
0.000207
0.000173
0.000139
0.000106
0.000075
0.000052
0.000032
0.000016
0.000009
