0.000009
0.000009
0.000009
0.000009
0.000009
0.000009
0.000009
0.000009
0.000009
0.000009
0.000010
0.000010
0.000010
0.000010
0.000012
0.000012
0.000013
0.000013
0.000015
0.000016
0.000017
0.000017
0.000018
0.000018
0.000019
0.000020
0.000021
0.000023
0.000024
0.000026
0.000028
0.000030
0.000031
0.000033
0.000034
0.000036
0.000038
0.000040
0.000042
0.000044
0.000046
0.000048
0.000050
0.000052
0.000053
0.000054
0.000055
0.000057
0.000059
0.000060
0.000061
0.000062
0.000062
0.000062
0.000062
0.000062
0.000062
0.000062
0.000062
0.000062
0.000062
0.000062
0.000062
0.000062
0.000062
0.000062
0.000062
0.000062
0.000062
0.000062
0.000062
0.000062
0.000062
0.000062
0.000062
0.000062
0.000062
0.000062
0.000062
0.000062
0.000062
0.000062
0.000062
0.000062
0.000062
0.000062
0.000061
0.000060
0.000057
0.000054
0.000050
0.000045
0.000040
0.000036
0.000031
0.000026
0.000021
0.000016
0.000012
0.000009
0.000009
0.000009
0.000009
0.000009
0.000009
0.000009
0.000009
0.000009
0.000009
0.000009
0.000009
0.000009
0.000009
0.000010
0.000010
0.000010
0.000010
0.000012
0.000012
0.000013
0.000013
0.000015
0.000016
0.000017
0.000017
0.000018
0.000018
0.000019
0.000020
0.000021
0.000023
0.000024
0.000026
0.000028
0.000030
0.000031
0.000033
0.000034
0.000036
0.000038
0.000040
0.000042
0.000044
0.000046
0.000048
0.000050
0.000052
0.000053
0.000054
0.000055
0.000057
0.000059
0.000060
0.000061
0.000062
0.000062
0.000062
0.000062
0.000062
0.000062
0.000062
0.000062
0.000062
0.000062
0.000062
0.000062
0.000062
0.000062
0.000062
0.000062
0.000062
0.000062
0.000062
0.000062
0.000062
0.000062
0.000062
0.000062
0.000062
0.000062
0.000062
0.000062
0.000062
0.000062
0.000062
0.000062
0.000062
0.000062
0.000062
0.000061
0.000060
0.000057
0.000054
0.000050
0.000045
0.000040
0.000036
0.000031
0.000026
0.000021
0.000016
0.000012
0.000009
0.000009
0.000009
0.000009
