0.006165
0.006165
0.006165
0.006165
0.006165
0.006165
0.006165
0.006165
0.006165
0.006165
0.006165
0.006165
0.006165
0.006165
0.006165
0.006165
0.006165
0.006165
0.006165
0.006165
0.006165
0.006165
0.006165
0.006165
0.006165
0.006165
0.006165
0.006165
0.006165
0.006165
0.006165
0.006165
0.006165
0.006165
0.006165
0.006165
0.006165
0.006165
0.006165
0.006165
0.006165
0.006165
0.006165
0.006165
0.006165
0.006165
0.006165
0.006165
0.006165
0.006165
0.006165
0.006165
0.006041
0.005917
0.005795
0.005672
0.005549
0.005427
0.005303
0.005182
0.005059
0.004936
0.004813
0.004690
0.004567
0.004444
0.004320
0.004211
0.004088
0.003964
0.003841
0.003720
0.003597
0.003474
0.003350
0.003227
0.003103
0.002979
0.002855
0.002731
0.002607
0.002484
0.002360
0.002236
0.002112
0.001988
0.001864
0.001740
0.001616
0.001492
0.001368
0.001243
0.001118
0.000994
0.000870
0.000745
0.000621
0.000497
0.000373
0.000249
0.000124
0.000000
