nan
nan
0.000000
0.000250
0.000493
0.000740
0.000987
0.001234
0.001480
0.001726
0.001971
0.002215
0.002459
0.002703
0.002948
0.003191
0.003434
0.003677
0.003919
0.004160
0.004401
0.004642
0.004881
0.005121
0.005360
0.005598
0.005836
0.006075
0.006314
0.006553
0.006791
0.007029
0.007267
0.007505
0.007742
0.007979
0.008216
0.008452
0.008689
0.008925
0.009161
0.009397
0.009631
0.009866
0.010100
0.010334
0.010567
0.010801
0.011031
0.011264
0.011497
0.011729
0.011961
0.011961
0.011729
0.011497
0.011264
0.011031
0.010801
0.010567
0.010334
0.010100
0.009866
0.009631
0.009397
0.009161
0.008925
0.008689
0.008452
0.008216
0.007979
0.007742
0.007505
0.007267
0.007029
0.006791
0.006553
0.006314
0.006075
0.005836
0.005598
0.005360
0.005121
0.004881
0.004642
0.004401
0.004160
0.003919
0.003677
0.003434
0.003191
0.002948
0.002703
0.002459
0.002215
0.001971
0.001726
0.001480
0.001234
0.000987
0.000740
0.000493
0.000250
0.000000
