0.294196
0.294196
0.000000
0.000265
0.000526
0.000789
0.001040
0.001301
0.001557
0.001783
0.002034
0.002234
0.002285
0.002206
0.002355
0.002554
0.002368
0.002396
0.002481
0.002616
0.002890
0.003059
0.003102
0.003294
0.003483
0.003654
0.003745
0.003899
nan
0.004233
0.004463
0.004659
nan
0.004949
0.005087
0.005235
0.005395
0.005567
0.005976
0.006168
0.006331
0.006515
0.006775
0.007034
0.007833
0.008075
0.008190
0.008293
0.008419
0.008559
0.009598
0.009944
0.010167
0.010167
0.009944
0.009598
0.008559
0.008419
0.008293
0.008190
0.008075
0.007833
0.007034
0.006775
0.006515
0.006331
0.006168
0.005976
0.005567
0.005395
0.005235
0.005087
0.004949
nan
0.004659
0.004463
0.004233
nan
0.003899
0.003745
0.003654
0.003483
0.003294
0.003102
0.003059
0.002890
0.002616
0.002481
0.002396
0.002368
0.002554
0.002355
0.002206
0.002285
0.002234
0.002034
0.001783
0.001557
0.001301
0.001040
0.000789
0.000526
0.000265
0.000000
