0.000000
0.000140
0.000271
0.000404
0.000527
0.000660
0.000786
0.000902
0.001031
0.001142
0.001270
0.001368
0.001147
0.001233
0.001301
0.001379
0.001466
0.001554
0.001643
0.001731
0.001779
0.001868
0.001956
0.002046
0.002137
0.002228
0.002261
0.002351
0.002443
0.002535
0.002629
0.002724
0.002819
0.002915
0.002986
0.003082
0.003090
0.058152
0.003146
0.003235
0.003323
0.003406
0.003485
0.057935
0.003649
0.003733
0.003815
0.003897
0.056486
0.004076
0.004163
0.004163
0.004076
0.056486
0.003897
0.003815
0.003733
0.003649
0.057935
0.003485
0.003406
0.003323
0.003235
0.003146
0.058152
0.003090
0.003082
0.002986
0.002915
0.002819
0.002724
0.002629
0.002535
0.002443
0.002351
0.002261
0.002228
0.002137
0.002046
0.001956
0.001868
0.001779
0.001731
0.001643
0.001554
0.001466
0.001379
0.001301
0.001233
0.001147
0.001368
0.001270
0.001142
0.001031
0.000902
0.000786
0.000660
0.000527
0.000404
0.000271
0.000140
0.000000
