0.000000
0.000249
0.000497
0.000745
0.000994
0.001243
0.001492
0.001740
0.001988
0.002236
0.002484
0.002731
0.002979
0.003226
0.003474
0.003720
0.003965
0.004212
0.004444
0.004691
0.004937
0.005183
0.005428
0.005673
0.005918
0.006166
0.006413
0.006659
0.006906
0.007141
0.007386
0.007631
0.007875
0.008119
0.008367
0.008609
0.008855
0.009099
0.009343
0.009587
0.009830
0.010065
0.010308
0.010548
0.010791
0.011033
0.011276
0.011519
0.011751
0.011995
0.012239
0.012239
0.011995
0.011751
0.011519
0.011276
0.011033
0.010791
0.010548
0.010308
0.010065
0.009830
0.009587
0.009343
0.009099
0.008855
0.008609
0.008367
0.008119
0.007875
0.007631
0.007386
0.007141
0.006906
0.006659
0.006413
0.006166
0.005918
0.005673
0.005428
0.005183
0.004937
0.004691
0.004444
0.004212
0.003965
0.003720
0.003474
0.003226
0.002979
0.002731
0.002484
0.002236
0.001988
0.001740
0.001492
0.001243
0.000994
0.000745
0.000497
0.000249
0.000000
