0.000007
0.000106
0.000212
0.000317
0.000422
0.000528
0.000629
0.000731
0.000832
0.000923
0.001025
0.001090
0.001191
0.001287
0.001354
0.001451
0.001548
0.001645
0.001707
0.001764
0.001854
0.001908
0.001998
0.002082
0.002175
0.002265
0.002352
0.002444
0.002532
0.002620
0.002714
0.002801
0.002889
0.002979
0.003069
0.003157
0.003247
0.003334
0.003421
0.003592
0.003693
0.003784
0.003948
0.004036
0.004134
0.004224
0.004315
0.004410
0.004508
0.004597
0.004695
0.004695
0.004597
0.004508
0.004410
0.004315
0.004224
0.004134
0.004036
0.003948
0.003784
0.003693
0.003592
0.003421
0.003334
0.003247
0.003157
0.003069
0.002979
0.002889
0.002801
0.002714
0.002620
0.002532
0.002444
0.002352
0.002265
0.002175
0.002082
0.001998
0.001908
0.001854
0.001764
0.001707
0.001645
0.001548
0.001451
0.001354
0.001287
0.001191
0.001090
0.001025
0.000923
0.000832
0.000731
0.000629
0.000528
0.000422
0.000317
0.000212
0.000106
0.000007
