0.000000
0.000247
0.000494
0.000740
0.000987
0.001234
0.001481
0.001727
0.001974
0.002219
0.002465
0.002710
0.002956
0.003202
0.003447
0.003692
0.003937
0.004182
0.004428
0.004673
0.004919
0.005164
0.005409
0.005654
0.005899
0.006144
0.006389
0.006634
0.006880
0.007125
0.007370
0.007615
0.007860
0.008105
0.008349
0.008594
0.008838
0.009082
0.009326
0.009570
0.009813
0.010056
0.010300
0.010543
0.010786
0.011030
0.011273
0.011516
0.011730
0.011972
0.012214
0.012214
0.011972
0.011730
0.011516
0.011273
0.011030
0.010786
0.010543
0.010300
0.010056
0.009813
0.009570
0.009326
0.009082
0.008838
0.008594
0.008349
0.008105
0.007860
0.007615
0.007370
0.007125
0.006880
0.006634
0.006389
0.006144
0.005899
0.005654
0.005409
0.005164
0.004919
0.004673
0.004428
0.004182
0.003937
0.003692
0.003447
0.003202
0.002956
0.002710
0.002465
0.002219
0.001974
0.001727
0.001481
0.001234
0.000987
0.000740
0.000494
0.000247
0.000000
