0.000009
0.000640
0.000690
0.000741
0.000793
0.000860
0.000936
0.000970
0.001054
0.001095
0.001176
0.001186
0.001199
0.001218
0.001245
0.001265
0.001273
0.001280
0.001287
0.001293
0.001303
0.001306
0.001311
0.001319
0.001322
0.001326
0.001327
0.001330
0.001333
0.001338
0.001346
0.001357
0.001360
0.001362
0.001366
0.001372
0.001381
0.001394
0.001398
0.001405
0.001414
0.001421
0.001421
0.001416
0.001411
0.001406
0.001401
0.001396
0.001391
0.001387
0.001382
0.001377
0.001372
0.001367
0.001362
0.001357
0.001352
0.001347
0.001343
0.001338
0.001333
0.001330
0.001326
0.001322
0.001318
0.001315
0.001311
0.001307
0.001303
0.001300
0.001296
0.001292
0.001289
0.001285
0.001281
0.001277
0.001274
0.001270
0.001266
0.001263
0.001259
0.001255
0.001251
0.001248
0.001244
0.001240
0.001237
0.001233
0.001229
0.001225
0.001222
0.001218
0.001214
0.001211
0.001207
0.001203
0.001200
0.001196
0.001192
0.001188
0.001185
0.001181
0.001177
0.001174
0.001170
0.001166
0.001163
0.001159
0.001155
0.001150
0.001141
0.001130
0.001116
0.001100
0.001082
0.001062
0.001040
0.001017
0.000992
0.000967
0.000940
0.000918
0.000899
0.000881
0.000862
0.000844
0.000825
0.000807
0.000789
0.000771
0.000754
0.000737
0.000720
0.000704
0.000689
0.000674
0.000660
0.000647
0.000635
0.000623
0.000612
0.000603
0.000594
