0.294184
0.294184
0.294184
0.294184
0.294184
0.294184
0.294184
0.294184
0.294184
0.294184
0.294184
0.294184
0.294184
0.294184
0.294184
0.294184
0.294184
0.000010
0.000162
0.000324
0.000487
0.000639
0.000793
0.000939
0.001056
0.001168
0.001300
0.001461
0.001582
0.001671
0.001792
0.001948
0.002080
0.002230
0.002331
0.002443
0.002567
0.002710
0.002855
0.002961
0.003070
0.003243
0.003394
0.003582
0.003776
0.003998
0.004238
0.004489
0.004747
0.004875
0.009966
0.009895
0.011356
0.011222
0.017066
0.017229
0.022581
0.023009
0.023057
0.023098
0.028228
0.027623
0.027791
0.027470
0.027117
0.021755
0.014606
0.014443
0.014443
0.014606
0.021755
0.027117
0.027470
0.027791
0.027623
0.028228
0.023098
0.023057
0.023009
0.022581
0.017229
0.017066
0.011222
0.011356
0.009895
0.009966
0.004875
0.004747
0.004489
0.004238
0.003998
0.003776
0.003582
0.003394
0.003243
0.003070
0.002961
0.002855
0.002710
0.002567
0.002443
0.002331
0.002230
0.002080
0.001948
0.001792
0.001671
0.001582
0.001461
0.001300
0.001168
0.001056
0.000939
0.000793
0.000639
0.000487
0.000324
0.000162
0.000010
