0.000011
0.000166
0.000331
0.000500
0.000665
0.000810
0.000972
0.001118
0.001267
0.001434
0.001596
0.001653
0.001782
0.001926
0.002126
0.002345
0.002474
0.002639
0.002817
0.003118
0.003240
0.003337
0.003592
0.003802
0.003970
0.004151
0.004310
nan
0.004645
0.004752
0.004904
0.005118
0.005343
0.005608
0.005799
nan
0.006146
0.006355
0.018260
0.018316
0.016614
0.021346
0.011218
0.010471
0.007423
0.008538
0.007600
0.007805
0.007940
0.009595
0.008860
0.008860
0.009595
0.007940
0.007805
0.007600
0.008538
0.007423
0.010471
0.011218
0.021346
0.016614
0.018316
0.018260
0.006355
0.006146
nan
0.005799
0.005608
0.005343
0.005118
0.004904
0.004752
0.004645
nan
0.004310
0.004151
0.003970
0.003802
0.003592
0.003337
0.003240
0.003118
0.002817
0.002639
0.002474
0.002345
0.002126
0.001926
0.001782
0.001653
0.001596
0.001434
0.001267
0.001118
0.000972
0.000810
0.000665
0.000500
0.000331
0.000166
0.000011
