0.000010
0.000097
0.000195
0.000292
0.000389
0.000487
0.000577
0.000671
0.000762
0.000845
0.000939
0.000997
0.001087
0.001171
0.001220
0.001300
0.001395
0.001494
0.001556
0.001589
0.001671
0.001735
0.001824
0.001920
0.001999
0.002080
0.002164
0.002249
0.002308
0.002378
0.002443
0.002515
0.002594
0.002680
0.002771
0.002855
0.002919
0.002982
0.003046
0.003144
0.003243
0.003341
0.003419
0.003544
0.003659
0.003776
0.003900
0.004043
0.004188
0.004338
0.004489
0.004489
0.004338
0.004188
0.004043
0.003900
0.003776
0.003659
0.003544
0.003419
0.003341
0.003243
0.003144
0.003046
0.002982
0.002919
0.002855
0.002771
0.002680
0.002594
0.002515
0.002443
0.002378
0.002308
0.002249
0.002164
0.002080
0.001999
0.001920
0.001824
0.001735
0.001671
0.001589
0.001556
0.001494
0.001395
0.001300
0.001220
0.001171
0.001087
0.000997
0.000939
0.000845
0.000762
0.000671
0.000577
0.000487
0.000389
0.000292
0.000195
0.000097
0.000010
