0.000003
0.000396
0.000801
0.001206
0.001611
0.002012
0.002388
0.002758
0.003085
0.003355
0.003614
0.003869
0.004100
0.004310
0.004506
0.004686
0.004853
0.005007
0.005168
0.005318
0.005467
0.005593
0.005703
0.005819
0.005919
0.006016
0.006115
0.006209
0.006298
0.006389
0.006482
0.006576
0.006666
0.006755
0.006841
0.006925
0.007007
0.007088
0.007162
0.007234
0.007304
0.007370
0.007441
0.007512
0.007581
0.007647
0.007711
0.007773
0.007829
0.007889
0.007956
0.007956
0.007664
0.007373
0.007084
0.006799
0.006529
0.006282
0.006098
0.005960
0.005868
0.005807
0.005760
0.005726
0.005711
0.005706
0.005696
0.005677
0.005652
0.005625
0.005595
0.005558
0.005519
0.005473
0.005425
0.005376
0.005339
0.005306
0.005275
0.005234
0.005182
0.005120
0.005038
0.004936
0.004811
0.004679
0.004546
0.004396
0.004220
0.004024
0.003809
0.003568
0.003311
0.003049
0.002747
0.002383
0.002008
0.001611
0.001206
0.000801
0.000396
0.000003
